



# database of Sharpe and DeMichele/Schoolfield parameters for Culex quinquefasciatus (see paper of Rueda et al. 1990
Culex_Embryogenesis<-c(1.23439,27534.92,301.00,37071.82)  # assumed to be the half time for the first instar
Culex_Larval_development<-c(0.21554,24689.00,301.82,37270.21)
Culex_Pupal_development<-c(0.55490,15648.63 ,306.60,43983.41)
Culex_total<-c(0.21945,28049.98,298.60,35362.18)


# database of Sharpe and DeMichele/Schoolfield parameters for Aedes aegypti (see paper of Focks  et al. 1993
#Aedes_Embryogenesis<-c(0.010668*24,10798.18,14184.50,100000)
#Aedes_Larval_development<-c(0.00873*24,26018.51 ,304.58,55990.75)
#Aedes_Pupal_development<-c(0.01610*24,14931.94,148.45, -472379.00)
#Aedes_1st_Gonotrophic_cycle<-c(0.00898*24, 15725.23,447.17,1756481)
Aedes_Embryogenesis<-c(0.68007,28033.83,304.33,72404.07)
Aedes_Larval_development<-c(0.20429,36072.78 ,301.56,45543.49)
Aedes_Pupal_development<-c(0.74423,19246.42,302.68, 5954.35)
Aedes_1st_Gonotrophic_cycle<-c(0.00898*24, 15725.23,447.17,1756481)
Aedes_total<-c(0.15460,33255.57,301.67, 50543.49)